$ 1 0.000005 382.76258214399064 47 5 43 5e-11
v 96 416 96 336 0 0 40 10 0 0 0.5
r -736 416 -736 336 0 1000
s 48 304 96 304 0 1 false
162 -672 304 -736 304 2 default-led 1 0 0 0.01
162 -416 304 -480 304 2 default-led 1 0 0 0.01
162 -160 304 -224 304 2 default-led 1 0 0 0.01
c -384 416 -384 336 4 0.000049999999999999996 -2.367859975783506 0.001 0
c -640 416 -640 336 4 0.000075 -1.2109046103721428 0.001 0
c -128 416 -128 336 4 0.000009999999999999999 -3.368924711190332 0.001 0.1
w 48 304 32 304 0
r -544 304 -608 304 0 1000
r -96 304 -32 304 0 1000
r -352 304 -288 304 0 1000
w 32 304 -32 304 0
w -96 304 -128 304 0
w -128 304 -160 304 0
w -224 304 -288 304 0
w -384 336 -384 304 0
w -352 304 -384 304 0
w -384 304 -416 304 0
w -480 304 -544 304 0
w -640 336 -640 304 0
w -608 304 -640 304 0
w -640 304 -672 304 0
w -736 304 -736 336 0
w -736 416 -640 416 0
w -640 416 -384 416 0
w -384 416 -128 416 0
w -128 416 96 416 0
w -128 336 -128 304 0
w 96 336 96 304 0
